4.043300691
0.899632524
-4.762722898
-1.310950748
-6.983694661
4.519048518
-1.245017503
6.474183635
1.426648938
-1.223730146
2.100279301
-3.875813834
3.068856406
1.318118542
-1.692078712
4.428547652
2.806072311
9.023022908
5.373243197
-1.393762917
-0.235128565
5.244116152
2.90463189
-6.519383933
1.310815304
-1.476224804
1.474748126
5.824988877
-0.928183416
-7.117712873
-0.269858381
4.170830189
-3.05474304
-5.503539776
-1.784796362
4.600971551
-4.564057236
10.84369636
8.738158038
7.792092915
6.246843862
0.801647627
1.382389244
8.478432322
-0.857120117
1.599729113
-2.719221531
-4.620313347
5.227557695
2.080335366
-1.029130926
4.884305478
-6.831135958
-1.506220094
7.997462642
-1.124594342
4.343165812
7.531690246
-0.720328631
1.398686776
10.22314618
7.704750432
-13.9152536
-0.660388752
-3.141947429
7.752757156
5.819420969
-1.822703793
12.43924785
-2.079252838
1.423885764
-1.710864649
0.648959861
0.340329355
1.73408832
0.429738121
-1.541887009
2.05484218
3.658165121
-2.600523081
7.092532133
-8.404981605
1.94728282
4.748731588
1.953986985
5.021968381
-1.986844985
5.164466005
-1.060112547
4.601053177
-2.39216451
-10.17339999
6.357881146
-1.475607807
0.910144212
-1.726939951
3.177923917
-1.44607542
-3.768673997
2.496612768
-2.266571706
-2.950412467
-3.407077131
-0.267214618
3.841298609
-3.637607023
-1.285650456
-2.420245481
-7.231015181
5.437878199
1.555752601
2.282558774
4.964679727
3.017668109
9.546156728
-0.791809765
2.981839477
-1.296963914
1.467799214
-0.112026723
-5.384176413
2.80141697
1.799355784
0.165171714
2.246548685
-4.056291895
5.036393823
1.238627388
-3.185290218
-1.59469657
3.170551447
0.361291574
-3.683323297
6.979366711
-2.031157814
-9.591531322
1.106072912
9.044893349
5.054545982
-1.179131839
1.886518166
0.3193545
2.78220127
-4.071961827
-6.516861805
8.290300221
5.748789541
-2.521816262
10.51242445
6.16461259
4.060012901
-7.051718468
4.201873572
-0.681467468
-4.41776702
-7.295173743
3.033895644
2.547837048
1.639742133
2.061227236
1.472982008
8.328253063
4.721513977
0.221049849
-1.480013775
11.0989047
6.802948289
-6.288170225
-0.394450055
1.006912672
0.188311795
7.916842523
-5.265237143
1.686332015
-4.008492338
-1.470880597
1.053233219
3.05445433
2.665175279
-5.539550803
12.84304252
-4.877632026
1.663620849
3.745109324
2.70637187
-2.328550102
3.533210426
9.771962756
4.748324033
5.374604698
4.377448878
-2.539006164
-1.029471861
-0.406687955
-0.409866114
-4.712310776
1.114205352
-8.576227925
1.512320913
-3.100821999
-0.219582592
2.270548597
-5.749466324
2.862646801
-0.408175914
-0.855589116
2.755759548
4.482116804
8.361959713
-5.065849806
-8.635596082
-1.342965938
5.54888514
-3.649618499
-2.227777239
-5.844434821
6.351282908
-1.672252152
7.787767481
3.030252423
-0.119541627
-3.763829266
-1.738754477
1.006744004
-1.303031604
5.779494552
1.842816354
-2.390565215
3.090799646
-1.433992336
-2.153056596
7.204755173
6.172826637
2.162311282
3.844764654
2.557578718
3.489735183
2.287728175
-3.703262944
-2.393212371
4.711314676
4.078194742
2.95221059
-5.355836667
0.696903844
0.406652211
4.523089877
1.366453329
-2.912298636
8.30780255
-0.410028129
-2.329547968
8.459159132
2.071931399
3.555642245
-2.086831649
-1.143335615
0.598860361
-1.49757179
3.45371988
6.984831878
-1.636470547
2.106467334
-5.188842634
-1.885749817
2.634213036
3.179538447
7.662248332
3.731018434
2.728613538
-0.763755728
-2.133348976
0.036447404
1.848750941
-6.066026655
-0.571520996
-5.082419668
1.714496351
-1.59370598
0.409534942
2.600303083
0.308471969
0.035961265
-1.737266
-4.36950311
2.470753661
7.887736336
7.072038056
2.281440444
4.028645604
2.164114498
7.986565808
4.483250202
4.712643715
3.76397826
-2.041050006
-3.661945577
6.1421511
1.514348501
-0.660573002
-3.314312476
6.638788239
3.008177516
13.59439937
0.492202268
-1.664155129
0.740934095
3.283661715
0.787469635
-2.19481729
-2.838806231
-1.70515526
0.56768567
0.559939487
-3.753482559
3.074987432
-0.606666936
2.81230783
7.836560998
6.654740512
-2.187181147
-2.099307295
5.49158878
6.876447634
5.461356271
-3.241143262
4.336636311
-0.758706711
3.177235067
2.242959696
13.07565435
3.556440628
1.601254176
3.81149378
-1.8175544
3.962708184
7.953078537
-0.203229911
-3.780113648
-2.984369058
8.001961036
-6.733244294
-1.096537085
-6.167750545
-10.40918874
-0.768150049
-1.975531478
4.984759591
-3.545503337
7.612547613
2.852505645
-4.013423457
-6.271941735
2.063861564
4.787457095
3.501862723
7.715219517
1.21715321
-5.404129087
-0.125884768
5.774741441
4.65435778
0.611901873
7.241958351
4.142825543
5.993966364
5.792077653
3.336949739
5.080662733
1.985744029
5.413662689
-2.66651387
-4.875566569
5.0959006
-0.4673465
-4.473290925
-0.811002822
-5.276839814
2.227172427
3.878862253
6.512067702
1.148964488
-2.200033405
-7.503368526
2.177631093
4.600273429
2.4150481
7.822505768
0.411114602
-0.149318299
0.715632966
-4.43085456
-0.491957717
1.034419522
3.813335577
3.822696814
-1.912225631
-4.348396772
2.939578441
6.157534044
1.612745113
-9.796428709
3.646518761
0.416856594
2.477928976
6.1927095
-2.312806581
5.799418866
-4.618232672
-6.181774593
-1.250692639
-5.163685856
-5.50695789
-3.198174114
0.220551803
-2.275913348
10.69215784
-4.001686728
8.506331348
-1.644506227
0.031348855
2.890479439
3.118152492
-0.940655539
2.512956651
10.19794534
-4.748418953
-1.793769025
5.12726885
1.970079392
5.2795562
-1.332040679
6.809803234
-0.736590484
5.158986204
8.942196431
-1.736723866
-5.568839904
-3.944322966
3.17843776
-3.41093515
2.36633513
-0.584965455
-4.7004227
-2.881562216
6.653558796
4.323804904
-9.5575647
2.40673167
-2.822049668
3.111938716
-0.426118202
3.760603855
-2.095466598
-0.072984951
4.909099474
-8.192482799
-3.911764562
-1.700535023
-3.086747532
-4.25195073
1.798600828
0.267296545
-1.565704966
-0.161340077
4.148333453
5.997663713
-3.957944255
0.604951524
-8.812815351
-4.848502002
8.417906345
0.76606391
-0.870801489
6.659906238
7.064476269
-3.392111814
-1.186161553
-3.249147388
6.177225482
11.94064684
4.521013335
6.21470741
-2.693071806
-1.164516122
5.202959111
6.471645258
0.515763459
6.323832435
-2.93225622
9.018144387
0.64425144
-2.872028756
-4.320018707
-5.660646046
-2.411682841
4.637572812
4.398069132
0.945118146
-0.197897002
2.414416697
-0.894549804
4.39742721
2.588869936
-6.561569714
1.467873414
3.185113154
1.847525987
3.305462539
-1.840892986
-4.551185811
2.195944069
0.973370204
-3.379816475
1.047754853
-1.580770296
4.876378349
-9.704668363
-3.299803174
7.419529337
7.436849707
3.485331046
7.066868384
-0.393314566
5.579393003
6.180993836
2.110645668
1.37501034
-1.512550601
-1.789003095
-2.221364656
0.646568143
-0.134502205
-10.58074395
-0.805481148
3.908477589
-2.694581836
4.459575596
-3.262579502
-1.16790134
6.212831781
-1.752544093
-0.281182683
6.729483471
6.98636284
3.949717092
2.406430662
1.878965378
4.276808982
-2.577441646
-1.52925214
5.181464179
6.867195318
0.574373534
-3.411957777
8.306344215
4.890598437
3.164025244
-0.619676114
0.902811185
-1.127077881
2.601336963
-0.06387655
-2.093414421
3.337467117
2.487559312
4.432848747
-5.65449128
4.278492025
6.873345538
4.53919644
0.468870308
-2.242680462
4.767539576
-4.791126724
1.533327665
-1.621623187
4.394180088
-3.785656003
2.708324818
7.184492421
3.537442303
-2.253781587
7.539746623
-0.052502403
3.485482355
-2.351124777
0.478482942
0.073418378
-1.671940335
-5.349798946
-2.499617822
-7.568397374
-4.298749443
8.209662297
-5.217806356
-2.132465143
8.933488527
3.028743788
-2.218622861
10.5132653
6.936835522
0.609145009
3.43023205
3.267178757
-5.066750132
1.32892066
8.157849863
0.133438684
3.652397237
2.841657303
-3.979072994
1.977559841
-0.748869551
6.854738368
4.62962251
-0.894187518
2.150808545
1.57743724
1.44224949
-1.791711113
-3.949007393
0.547007096
-1.810997729
-6.133385981
5.057247948
7.421844545
-0.481213889
8.325627077
4.699273143
-0.169068372
2.63203031
-1.370981652
0.012262178
-1.418480171
3.341839988
0.586272206
-0.477690322
2.62963388
-7.322366663
2.282661376
-1.929238182
7.3434813
3.72792686
3.102492941
-4.958847687
3.232560655
1.00442454
3.897540505
-9.967377619
0.412630544
-0.28255114
0.853243303
0.700072955
-4.374261039
-1.106733455
-3.195167322
5.123715178
-1.989269714
-0.074201823
-5.395900501
3.567408313
6.941433226
5.047215811
0.172305352
-1.826388803
12.52526049
1.214383299
4.007742402
-1.194927098
3.476474392
0.532010139
-1.71218669
1.028506077
-3.738536092
7.301986647
1.074174999
-2.438281049
1.185988548
3.645089538
-3.455938747
4.953542138
8.44534598
-2.98276827
-4.234774059
-1.148731367
-3.446938294
0.654812323
-3.541629504
-1.136517105
1.688746056
7.96567042
-4.265535982
4.604424704
1.124210398
4.67861941
0.66175844
1.164759641
0.74958237
-1.861351977
3.513491097
-1.218050173
6.548048828
4.328889482
-2.059166427
2.751817403
-4.097992048
4.717221304
1.95623086
2.486386944
0.853064823
-0.954556324
0.388017051
3.745733967
2.595584472
-3.645519588
-5.159985728
-1.782468049
-7.422847559
15.77724225
11.6923701
0.248502559
-1.237315734
0.931472574
1.290681851
-0.288275821
-4.426330143
3.044597644
3.566107827
2.286722918
-4.081673568
1.200691313
5.698631036
-2.306092028
1.243560481
-0.909685437
4.306182404
-3.764736513
-7.918880768
-6.484208729
-2.546272687
9.023562715
0.109567576
-4.589253606
-1.763904157
12.48700431
-3.722972675
0.384816681
0.554387722
4.018678707
-1.169374893
-0.320544703
9.533448482
-0.810305909
3.380330893
-4.165957815
7.610961106
-6.866241283
8.387322727
1.063969524
1.009272053
2.78177564
-1.140649991
7.393988237
0.647570233
4.266971197
10.55345335
2.222482567
-4.535866754
2.270048291
11.25242489
4.772879403
-2.881924366
5.011024925
-0.478188183
1.263240286
0.866170944
-5.234213265
-0.563890646
-5.057786929
5.598407701
10.85954191
1.288784218
11.49653329
11.14406297
0.675425719
0.857342802
5.890114011
2.221656246
4.015483584
-3.495161671
-1.795064029
5.831855826
-3.438842444
-1.300711338
-1.280700383
-1.812708545
1.4872207
1.585352492
-0.416132234
1.710963694
4.336153823
4.017542109
-3.849581971
0.305837985
1.87583471
-1.803357834
-5.262564143
6.956003026
1.334704675
5.998756902
2.038530605
4.824493292
-5.631406636
7.103084273
0.828805593
7.751143373
6.32794905
-0.915531494
0.092746597
-4.016036799
5.865947981
-3.196547098
1.100471227
-0.197733764
2.272321644
1.698166526
7.042968957
-3.024273027
-3.467262595
0.828110071
-1.473518703
5.228050755
-0.95768763
0.312188763
0.669730164
0.3122964
-2.647441123
-4.27467277
2.84892263
1.759773659
4.134812121
1.922866342
-1.606254365
9.217994304
0.228295257
-4.097008174
-6.220442802
6.135702113
2.409293929
-0.556667333
5.682757918
12.54488145
-1.144787488
-2.154333881
1.962626547
3.021959701
4.710815364
6.879697152
-1.654909875
-1.631433375
-4.418537043
-2.655096874
3.477894299
2.440757102
-0.997986196
-5.758541117
-4.372955319
-2.011674818
4.639473568
6.797155589
0.642903677
0.624020442
-5.472961115
2.124876551
2.290056036
3.570135084
-1.036048398
0.002228467
-4.383155211
-0.941518003
-0.670825009
1.321213773
1.758915511
-6.418981259
1.374620609
-0.050989472
6.308456083
10.50920345
10.4440141
1.245510585
7.885791057
-5.37053287
-2.203030079
6.773998941
0.764217112
6.897857577
-1.969017558
-1.661649113
6.016221232
5.638004968
5.581123046
0.894463064
8.773637144
-3.474600501
3.303735704
0.882571188
2.342845068
-3.97512333
0.820255161
-5.444111583
-3.00726216
-2.920256815
1.892582802
-1.94988305
1.817860855
-0.939755892
2.155815997
0.605331678
-0.429069898
2.812675427
3.60776672
-7.12140178
-0.872010556
-1.512313156
3.569142793
5.563146223
-10.99360974
0.364303816
-0.746465184
-1.696806738
9.544041913
-1.31018718
1.421916911
2.463432375
1.156523371
3.871611751
0.627852763
-0.112444736
9.717105109
4.90289096
5.097752838
-4.308926781
6.111043349
1.309829457
2.392086355
3.132141052
3.680071747
-5.947732246
9.551665937
1.202329789
0.993232518
4.523036651
4.734293436
-4.463970787
-1.141532043
1.242603383
6.221045867
7.034854893
-3.395827117
0.612688785
-5.077959248
4.131220392
3.364038142
4.582099705
-10.78363086
-3.240693737
8.542231318
6.657419582
8.700727887
-8.277290056
-1.486631246
5.387467529
-0.1021332
4.738631939
5.38918994
6.536192042
-0.013365211
-6.011696526
4.060282439
-0.695124977
8.052472524
0.326389209
2.091518708
7.041596256
5.940306638
5.649557593
5.104354673
-0.108150932
-2.115952577
-8.856938323
-9.485667965
0.65719877
1.829333114
-4.425278402
-4.125496794
4.936835459
2.644969295
3.635200363
4.422646911
0.622549136
6.093976463
5.809897061
3.158345149
1.00216205
-6.940280126
0.058279938
-2.192047344
7.576033683
2.410452008
3.180578765
4.698381763
2.667499395
6.383364407
-2.468893976
-0.481381871
-0.325532478
-0.366530981
-6.076609904
-4.420133784
-2.736406497
3.562984624
1.238223285
5.699788171
-0.97069888
-0.492509793
3.00756512
4.731087709
12.18002195
3.278433998
2.514263459
5.386753893
-8.732442076
3.223449686
-8.161715053
2.46615836
-4.592699806
-0.392472561
2.867789434
4.296356045
4.810955562
7.606006073
-0.76155673
-0.857749892
7.139052041
4.456329464
-2.55556425
17.51089886
-5.603810394
-0.283490671
2.001553874
2.696141537
4.931560606
1.574927019
-4.071089133
4.333760528
-11.7710872
1.063751487
5.563151389
-0.355487368
-0.220622177
-4.244248234
1.390694898
0.983229977
-0.288739146
1.764209141
-1.636533371
5.588836042
4.860766402
9.316105822
4.401229736
-4.585352654
3.855496178
10.475198
2.657709399
-6.8248785
-3.92423697
-5.696112776
-0.860674319
4.073839151
-2.774740255
3.572142343
1.480669091
6.027777725
-5.241386663
4.659871436
8.833916097
9.297649392
-6.12908976
1.989571049
-1.941324814
2.984690816
-3.58944143
4.475460554
3.653590442
-4.136276643
-1.491232651
-11.50090464
2.532123557
0.871640954
2.459386926
-0.591354091
4.133766114
-8.118411368
-0.145072047
1.336665262
2.36203099
-4.088115888
7.592598527
2.966301714
-2.542302899
-4.839487318
11.63084679
2.676927496
10.11742784
-5.856295484
-5.32204729
-10.92313332
-5.354457001
-4.563576458
-5.343867501
1.46950755
0.071442303
2.743042192
5.10007807
2.556279104
-2.611833957
7.737393471
-1.225136603
-0.960543612
2.871486478
10.08852781
2.066298646
10.02222378
4.111788741
3.632177408
-0.061473159
2.296178996
5.474770798
-4.698666054
4.297216601
-8.239707282
-0.234606268
-1.972861457
-2.447929059
0.50629186
-3.802207994
3.785398516
0.524960687
-3.353442656
3.300152409
2.356112225
3.83749711
-2.276512858
7.116706601
-3.063805042
-3.188643911
1.238116053
4.044042571
5.45173858
-0.359690187
-1.784375757
3.116361845
0.614376541
1.104784931
6.984718106
2.65811968
9.358218268
0.216728903
-1.986362576
1.051122676
2.167761389
3.935942454
0.301916554
1.345323684
-4.393967986
-0.493893245
0.140279486
-2.546416949
3.276936145
-1.466470554
-3.240470779
-2.816812432
2.246068679
-0.279499748
0.870268021
0.199389673
4.069050256
-2.214602602
2.876353297
-0.232214221
-1.090580455
4.862556908
5.10649914
-4.098379854
0.324051989
-2.625173428
5.839161985
-0.535075604
4.35657765
7.226498066
-2.905954346
5.773407792
4.45621941
6.792696835
2.895905572
5.332365066
0.438951827
0.837646138
4.699065615
2.442094111
-7.190446577
-0.925669756
1.158745419
-0.536011201
4.289361216
4.5870146
-3.257666086
-0.934674566
1.780702619
-0.255727
6.85152814
7.408790021
4.942096955
-1.797826104
-1.395338566
-0.817696428
-2.887564003
-0.750084187
2.27879607
0.754509053
6.402195229
-3.731690129
2.141288557
0.552089082
0.572587825
7.601943994
-5.457657525
4.280394557
-1.098557169
-1.181532616
-2.876178497
1.337722431
3.860918632
6.196570085
3.880178234
-5.101978131
1.423756598
-1.266218889
7.727871948
-9.782152422
-4.926683176
-6.408000671
1.491250363
-2.760049315
2.136135185
9.501811239
1.221144388
0.176673754
-0.323367427
-3.95690564
-3.885256167
1.498772373
5.993834767
-6.597241229
4.855993905
3.420403024
1.615781943
-5.001071953
8.431725143
1.208499607
-2.013757394
2.156978358
-1.094667466
-0.65796063
0.321935142
3.617016273
3.372882614
3.40670089
8.727567481
1.259562166
-2.407300195
0.157650065
-1.88729363
-2.078498153
4.248831038
-4.922368124
2.497454334
1.738895126
-1.90244615
-2.669832302
7.276945355
7.685731496
-0.667052475
-2.62992189
-8.439898547
1.774039432
7.213839202
1.732822992
1.15175742
3.023518106
-0.807534783
0.219482575
7.601976825
1.45998795
-0.000257573
-0.340955982
2.619070311
0.217662664
3.548987051
0.085828793
7.247669873
9.318076195
3.431065238
-7.969961384
-4.500844638
1.479457178
-3.401031713
2.917450183
-2.36869608
2.122626581
1.080283139
4.10216699
-7.693623721
1.827585818
-4.807651716
4.752058605
-2.956404006
-2.158642556
2.195476507
-5.135172218
2.474629938
5.325721102
-8.841070422
2.960000697
7.112169996
-1.62974524
0.644729221
13.52516942
1.902155744
7.498485996
-7.147144175
-0.282769736
0.752759419
-1.024674181
1.566760291
4.212043257
0.983543995
2.047426319
-5.353524813
5.024540565
-0.847621954
-2.145822282
-0.578254242
0.324816408
-1.123951336
2.545327679
-5.192391563
-4.386330722
1.15326047
-2.170250932
7.152908045
-1.423280116
1.7920015
-0.792927263
1.771488826
4.180668316
7.203961242
-4.901584407
0.775894853
8.819950436
-7.190686963
-3.991810007
-8.163940731
8.199276426
6.889821596
-3.93862311
1.086944524
0.037984465
4.673740189
